P01 424 383 434 388 388 21 296 264
P02 231 208 263 239 239 3 188 168
P03 45 39 48 41 41 0 36 29
P04 27 26 25 18 18 5 16 13
P05 23 20 23 20 20 0 23 20
P06 19 15 22 18 18 0 21 17
P07 17 17 17 16 16 9 12 11
P08 15 8 14 7 7 1 15 8
P09 12 10 14 12 12 1 14 12
P10 11 11 9 9 9 0 4 4
P11 10 9 11 10 10 0 10 9
G-condicion_de 682 617 725 653 653 33 482 430
G-aplica_a 68 59 71 61 61 0 58 48
G-exceptua 38 37 34 27 27 5 20 17
G-exceptua_obligacion 31 25 36 30 30 1 35 29
G-condiciona 15 8 14 7 7 1 15 8
G-condicion_de-ejemplo 655 591 697 627 627 24 462 412
